,latent_x,latent_y,Co,Cr,Fe,Ni,Mn,Al
0,-4,-4,0.202375,0.256778,0.048958,0.095382,0.171191,0.225316
1,-3.959798995,-4,0.202646,0.254947,0.049463,0.096183,0.170344,0.226416
2,-3.91959799,-4,0.202889,0.253133,0.049968,0.096983,0.169484,0.227543
3,-3.879396985,-4,0.203104,0.251335,0.050472,0.09778,0.168611,0.228698
4,-3.83919598,-4,0.203289,0.249554,0.050975,0.098575,0.167725,0.229883
5,-3.798994975,-4,0.203444,0.247789,0.051477,0.099367,0.166825,0.231098
6,-3.75879397,-4,0.203569,0.246041,0.051977,0.100156,0.165912,0.232344
7,-3.718592965,-4,0.203663,0.244309,0.052476,0.100942,0.164985,0.233624
8,-3.67839196,-4,0.203725,0.242594,0.052973,0.101725,0.164045,0.234937
9,-3.638190955,-4,0.203755,0.240895,0.053468,0.102503,0.163092,0.236287
10,-3.59798995,-4,0.203752,0.239212,0.053961,0.103278,0.162124,0.237673
11,-3.557788945,-4,0.203716,0.237544,0.054451,0.104049,0.161143,0.239097
12,-3.51758794,-4,0.203646,0.235893,0.054938,0.104814,0.160148,0.240562
13,-3.477386935,-4,0.20354,0.234258,0.055422,0.105575,0.159138,0.242067
14,-3.43718593,-4,0.2034,0.232638,0.055902,0.10633,0.158115,0.243616
15,-3.396984925,-4,0.203223,0.231033,0.056378,0.10708,0.157077,0.245209
16,-3.35678392,-4,0.20301,0.229444,0.05685,0.107824,0.156025,0.246848
17,-3.316582915,-4,0.202759,0.22787,0.057317,0.108561,0.154959,0.248535
18,-3.27638191,-4,0.202469,0.226311,0.057779,0.109291,0.153877,0.250273
19,-3.236180905,-4,0.202141,0.224767,0.058235,0.110014,0.152781,0.252061
20,-3.195979899,-4,0.201774,0.223237,0.058686,0.110729,0.151671,0.253904
21,-3.155778894,-4,0.201366,0.221722,0.05913,0.111436,0.150545,0.255803
22,-3.115577889,-4,0.200917,0.22022,0.059567,0.112133,0.149404,0.257759
23,-3.075376884,-4,0.200426,0.218733,0.059998,0.112822,0.148247,0.259775
24,-3.035175879,-4,0.199892,0.217259,0.06042,0.113501,0.147075,0.261854
25,-2.994974874,-4,0.199315,0.215798,0.060834,0.114169,0.145887,0.263997
26,-2.954773869,-4,0.198694,0.21435,0.061239,0.114825,0.144684,0.266208
27,-2.914572864,-4,0.198028,0.212915,0.061635,0.115471,0.143464,0.268488
28,-2.874371859,-4,0.197316,0.211492,0.06202,0.116103,0.142228,0.270841
29,-2.834170854,-4,0.196557,0.210081,0.062395,0.116722,0.140976,0.273268
30,-2.793969849,-4,0.195751,0.208681,0.062759,0.117328,0.139707,0.275773
31,-2.753768844,-4,0.194897,0.207292,0.063111,0.117918,0.138421,0.27836
32,-2.713567839,-4,0.193994,0.205914,0.06345,0.118493,0.137118,0.281029
33,-2.673366834,-4,0.193041,0.204546,0.063776,0.119052,0.135798,0.283786
34,-2.633165829,-4,0.192038,0.203188,0.064088,0.119593,0.13446,0.286633
35,-2.592964824,-4,0.190983,0.201838,0.064384,0.120116,0.133105,0.289574
36,-2.552763819,-4,0.189875,0.200497,0.064666,0.120619,0.131731,0.292612
37,-2.512562814,-4,0.188714,0.199164,0.06493,0.121102,0.13034,0.29575
38,-2.472361809,-4,0.187499,0.197838,0.065178,0.121563,0.12893,0.298992
39,-2.432160804,-4,0.186478,0.196228,0.065455,0.121955,0.127527,0.302358
40,-2.391959799,-4,0.185809,0.194147,0.065795,0.122243,0.126147,0.305859
41,-2.351758794,-4,0.185057,0.192105,0.066111,0.122508,0.124744,0.309476
42,-2.311557789,-4,0.184221,0.190098,0.066404,0.122748,0.123318,0.313211
43,-2.271356784,-4,0.183301,0.188127,0.066671,0.122964,0.121868,0.31707
44,-2.231155779,-4,0.182295,0.186188,0.066912,0.123152,0.120395,0.321057
45,-2.190954774,-4,0.181204,0.184281,0.067126,0.123313,0.118899,0.325177
46,-2.150753769,-4,0.180025,0.182404,0.067312,0.123444,0.117379,0.329436
47,-2.110552764,-4,0.17876,0.180554,0.067467,0.123544,0.115836,0.333839
48,-2.070351759,-4,0.177406,0.178731,0.067592,0.123612,0.114269,0.33839
49,-2.030150754,-4,0.175964,0.176931,0.067685,0.123646,0.112679,0.343095
50,-1.989949749,-4,0.174433,0.175155,0.067744,0.123644,0.111065,0.347959
51,-1.949748744,-4,0.172813,0.173398,0.067769,0.123604,0.109427,0.352989
52,-1.909547739,-4,0.171103,0.171661,0.067757,0.123525,0.107765,0.358189
53,-1.869346734,-4,0.169303,0.169939,0.067709,0.123405,0.106079,0.363565
54,-1.829145729,-4,0.167413,0.168232,0.067621,0.123241,0.10437,0.369123
55,-1.788944724,-4,0.165432,0.166537,0.067494,0.123032,0.102636,0.374868
56,-1.748743719,-4,0.163361,0.164852,0.067325,0.122775,0.100878,0.380807
57,-1.708542714,-4,0.1612,0.163175,0.067114,0.122469,0.099097,0.386945
58,-1.668341709,-4,0.158949,0.161502,0.066859,0.12211,0.097292,0.393288
59,-1.628140704,-4,0.156609,0.159833,0.066558,0.121697,0.095462,0.39984
60,-1.587939698,-4,0.15418,0.158164,0.06621,0.121228,0.09361,0.406609
61,-1.547738693,-4,0.151663,0.156492,0.065815,0.120699,0.091734,0.413598
62,-1.507537688,-4,0.149059,0.154815,0.065371,0.120108,0.089835,0.420813
63,-1.467336683,-4,0.146369,0.153131,0.064876,0.119453,0.087913,0.428259
64,-1.427135678,-4,0.143594,0.151437,0.06433,0.118731,0.085969,0.43594
65,-1.386934673,-4,0.140736,0.149729,0.063732,0.11794,0.084003,0.443861
66,-1.346733668,-4,0.137798,0.148005,0.06308,0.117077,0.082015,0.452025
67,-1.306532663,-4,0.13478,0.146263,0.062374,0.11614,0.080008,0.460435
68,-1.266331658,-4,0.131687,0.144498,0.061614,0.115127,0.07798,0.469095
69,-1.226130653,-4,0.128519,0.142708,0.060798,0.114034,0.075934,0.478006
70,-1.185929648,-4,0.125282,0.140891,0.059927,0.112861,0.07387,0.487169
71,-1.145728643,-4,0.121977,0.139043,0.059,0.111605,0.07179,0.496585
72,-1.105527638,-4,0.118834,0.137161,0.057956,0.110155,0.069823,0.506071
73,-1.065326633,-4,0.115902,0.135247,0.056783,0.10849,0.067996,0.515582
74,-1.025125628,-4,0.113432,0.133438,0.055871,0.107148,0.066397,0.523715
75,-0.984924623,-4,0.111672,0.131818,0.05537,0.106336,0.065144,0.529661
76,-0.944723618,-4,0.109918,0.130211,0.054863,0.105513,0.063906,0.535589
77,-0.904522613,-4,0.108172,0.128617,0.05435,0.104682,0.062682,0.541498
78,-0.864321608,-4,0.106432,0.127036,0.053833,0.103841,0.061475,0.547384
79,-0.824120603,-4,0.104701,0.125468,0.05331,0.102991,0.060282,0.553247
80,-0.783919598,-4,0.101713,0.12325,0.052429,0.101733,0.058405,0.56247
81,-0.743718593,-4,0.098805,0.121065,0.05155,0.100464,0.056587,0.571528
82,-0.703517588,-4,0.096005,0.118931,0.050684,0.099197,0.054845,0.580338
83,-0.663316583,-4,0.093311,0.116848,0.049832,0.097934,0.053174,0.588901
84,-0.623115578,-4,0.09072,0.114815,0.048994,0.096678,0.051573,0.597221
85,-0.582914573,-4,0.088227,0.112833,0.048172,0.09543,0.050038,0.605301
86,-0.542713568,-4,0.085831,0.1109,0.047365,0.094192,0.048566,0.613145
87,-0.502512563,-4,0.083528,0.109018,0.046575,0.092967,0.047156,0.620757
88,-0.462311558,-4,0.081314,0.107184,0.045801,0.091755,0.045804,0.628141
89,-0.422110553,-4,0.079187,0.1054,0.045045,0.090558,0.044508,0.635303
90,-0.381909548,-4,0.077143,0.103663,0.044305,0.089377,0.043266,0.642246
91,-0.341708543,-4,0.07518,0.101973,0.043583,0.088213,0.042075,0.648976
92,-0.301507538,-4,0.073294,0.10033,0.042879,0.087066,0.040934,0.655497
93,-0.261306533,-4,0.071483,0.098732,0.042191,0.085938,0.03984,0.661816
94,-0.221105528,-4,0.069743,0.097179,0.041522,0.084829,0.038791,0.667936
95,-0.180904523,-4,0.068073,0.09567,0.040869,0.083739,0.037785,0.673864
96,-0.140703518,-4,0.066468,0.094204,0.040234,0.082669,0.03682,0.679604
97,-0.100502513,-4,0.064928,0.09278,0.039616,0.08162,0.035894,0.685162
98,-0.060301508,-4,0.063448,0.091397,0.039015,0.08059,0.035007,0.690543
99,-0.020100503,-4,0.062027,0.090055,0.03843,0.079581,0.034155,0.695751
100,0.020100503,-4,0.060663,0.088751,0.037862,0.078593,0.033338,0.700793
101,0.060301508,-4,0.059352,0.087486,0.037309,0.077626,0.032554,0.705672
102,0.100502513,-4,0.058094,0.086258,0.036773,0.076679,0.031802,0.710394
103,0.140703518,-4,0.056885,0.085067,0.036253,0.075752,0.031079,0.714964
104,0.180904523,-4,0.055724,0.083911,0.035747,0.074846,0.030386,0.719386
105,0.221105528,-4,0.054609,0.08279,0.035257,0.07396,0.02972,0.723664
106,0.261306533,-4,0.053539,0.081702,0.034781,0.073094,0.029081,0.727803
107,0.301507538,-4,0.05251,0.080648,0.03432,0.072248,0.028467,0.731808
108,0.341708543,-4,0.051522,0.079625,0.033872,0.071421,0.027877,0.735683
109,0.381909548,-4,0.050574,0.078633,0.033439,0.070613,0.02731,0.739431
110,0.422110553,-4,0.049662,0.077672,0.033018,0.069825,0.026765,0.743057
111,0.462311558,-4,0.048787,0.07674,0.032611,0.069055,0.026242,0.746565
112,0.502512563,-4,0.047946,0.075837,0.032217,0.068303,0.025739,0.749957
113,0.542713568,-4,0.047139,0.074962,0.031835,0.06757,0.025255,0.753239
114,0.582914573,-4,0.046363,0.074114,0.031465,0.066854,0.02479,0.756413
115,0.623115578,-4,0.045618,0.073293,0.031107,0.066156,0.024343,0.759483
116,0.663316583,-4,0.044903,0.072497,0.030761,0.065474,0.023913,0.762452
117,0.703517588,-4,0.044216,0.071726,0.030426,0.06481,0.0235,0.765323
118,0.743718593,-4,0.043556,0.07098,0.030102,0.064161,0.023102,0.768099
119,0.783919598,-4,0.042922,0.070257,0.029789,0.063529,0.02272,0.770783
120,0.824120603,-4,0.042314,0.069558,0.029486,0.062912,0.022352,0.773379
121,0.864321608,-4,0.04173,0.068881,0.029193,0.06231,0.021998,0.775887
122,0.904522613,-4,0.04117,0.068227,0.02891,0.061723,0.021657,0.778313
123,0.944723618,-4,0.040633,0.067593,0.028637,0.061151,0.021329,0.780657
124,0.984924623,-4,0.040117,0.066981,0.028373,0.060593,0.021014,0.782922
125,1.025125628,-4,0.039622,0.066389,0.028118,0.060048,0.020711,0.785111
126,1.065326633,-4,0.039147,0.065817,0.027873,0.059517,0.020419,0.787226
127,1.105527638,-4,0.038693,0.065264,0.027636,0.059,0.020138,0.789269
128,1.145728643,-4,0.038257,0.064731,0.027407,0.058495,0.019868,0.791242
129,1.185929648,-4,0.037839,0.064215,0.027187,0.058002,0.019608,0.793148
130,1.226130653,-4,0.037439,0.063718,0.026975,0.057522,0.019358,0.794987
131,1.266331658,-4,0.037057,0.063239,0.026771,0.057053,0.019118,0.796762
132,1.306532663,-4,0.036691,0.062777,0.026574,0.056596,0.018887,0.798475
133,1.346733668,-4,0.036341,0.062332,0.026385,0.05615,0.018665,0.800128
134,1.386934673,-4,0.036007,0.061903,0.026203,0.055715,0.018451,0.801721
135,1.427135678,-4,0.035687,0.061491,0.026028,0.055291,0.018246,0.803258
136,1.467336683,-4,0.035383,0.061094,0.02586,0.054876,0.018048,0.804738
137,1.507537688,-4,0.035093,0.060713,0.025699,0.054472,0.017859,0.806164
138,1.547738693,-4,0.034817,0.060348,0.025545,0.054077,0.017677,0.807537
139,1.587939698,-4,0.034554,0.059997,0.025397,0.053691,0.017502,0.808858
140,1.628140704,-4,0.034304,0.059662,0.025256,0.053315,0.017335,0.810129
141,1.668341709,-4,0.034067,0.059341,0.02512,0.052947,0.017174,0.811351
142,1.708542714,-4,0.033843,0.059034,0.024991,0.052587,0.01702,0.812525
143,1.748743719,-4,0.033631,0.058741,0.024867,0.052236,0.016872,0.813653
144,1.788944724,-4,0.03343,0.058463,0.024749,0.051893,0.016731,0.814734
145,1.829145729,-4,0.033242,0.058198,0.024637,0.051557,0.016596,0.815771
146,1.869346734,-4,0.033064,0.057946,0.02453,0.051228,0.016466,0.816764
147,1.909547739,-4,0.032898,0.057708,0.024429,0.050907,0.016343,0.817715
148,1.949748744,-4,0.032743,0.057483,0.024333,0.050592,0.016225,0.818624
149,1.989949749,-4,0.032598,0.057272,0.024242,0.050284,0.016113,0.819492
150,2.030150754,-4,0.032464,0.057073,0.024155,0.049982,0.016006,0.82032
151,2.070351759,-4,0.03234,0.056887,0.024074,0.049685,0.015905,0.821108
152,2.110552764,-4,0.032226,0.056714,0.023998,0.049395,0.015809,0.821859
153,2.150753769,-4,0.032122,0.056554,0.023926,0.049109,0.015717,0.822571
154,2.190954774,-4,0.032028,0.056406,0.023859,0.048829,0.015631,0.823247
155,2.231155779,-4,0.031943,0.056271,0.023796,0.048554,0.01555,0.823886
156,2.271356784,-4,0.031868,0.056149,0.023737,0.048283,0.015473,0.824489
157,2.311557789,-4,0.031803,0.056039,0.023683,0.048016,0.015401,0.825058
158,2.351758794,-4,0.031746,0.055942,0.023632,0.047754,0.015334,0.825592
159,2.391959799,-4,0.031699,0.055857,0.023586,0.047495,0.015271,0.826092
160,2.432160804,-4,0.031661,0.055785,0.023544,0.047239,0.015213,0.826559
161,2.472361809,-4,0.031632,0.055725,0.023505,0.046986,0.015159,0.826993
162,2.512562814,-4,0.031612,0.055678,0.02347,0.046736,0.01511,0.827394
163,2.552763819,-4,0.031601,0.055643,0.023438,0.046488,0.015065,0.827764
164,2.592964824,-4,0.031598,0.055622,0.02341,0.046243,0.015024,0.828103
165,2.633165829,-4,0.031604,0.055613,0.023385,0.045999,0.014988,0.82841
166,2.673366834,-4,0.031619,0.055617,0.023363,0.045757,0.014956,0.828687
167,2.713567839,-4,0.031643,0.055634,0.023345,0.045516,0.014928,0.828934
168,2.753768844,-4,0.031675,0.055665,0.023329,0.045276,0.014904,0.829151
169,2.793969849,-4,0.031716,0.055709,0.023316,0.045036,0.014885,0.829339
170,2.834170854,-4,0.031766,0.055766,0.023305,0.044796,0.014869,0.829498
171,2.874371859,-4,0.031824,0.055837,0.023297,0.044556,0.014858,0.829628
172,2.914572864,-4,0.03189,0.055922,0.023292,0.044315,0.014851,0.82973
173,2.954773869,-4,0.031966,0.056022,0.023288,0.044073,0.014848,0.829803
174,2.994974874,-4,0.032049,0.056135,0.023287,0.043829,0.014849,0.829849
175,3.035175879,-4,0.032142,0.056264,0.023287,0.043584,0.014855,0.829868
176,3.075376884,-4,0.032243,0.056408,0.023289,0.043336,0.014865,0.829859
177,3.115577889,-4,0.032353,0.056566,0.023293,0.043086,0.014879,0.829823
178,3.155778894,-4,0.032471,0.056741,0.023297,0.042832,0.014897,0.829761
179,3.195979899,-4,0.032599,0.056932,0.023303,0.042575,0.01492,0.829672
180,3.236180905,-4,0.032734,0.057139,0.023309,0.042313,0.014947,0.829557
181,3.27638191,-4,0.032879,0.057363,0.023316,0.042047,0.014979,0.829416
182,3.316582915,-4,0.033033,0.057605,0.023323,0.041775,0.015015,0.829249
183,3.35678392,-4,0.033195,0.057864,0.023331,0.041498,0.015055,0.829057
184,3.396984925,-4,0.033366,0.058142,0.023338,0.041214,0.0151,0.828839
185,3.43718593,-4,0.033547,0.058439,0.023344,0.040924,0.01515,0.828596
186,3.477386935,-4,0.033736,0.058755,0.023349,0.040627,0.015205,0.828328
187,3.51758794,-4,0.033934,0.059092,0.023354,0.040321,0.015264,0.828035
188,3.557788945,-4,0.034142,0.05945,0.023356,0.040007,0.015329,0.827717
189,3.59798995,-4,0.034358,0.05983,0.023357,0.039683,0.015399,0.827374
190,3.638190955,-4,0.034583,0.060232,0.023355,0.03935,0.015473,0.827007
191,3.67839196,-4,0.034818,0.060657,0.02335,0.039006,0.015553,0.826615
192,3.718592965,-4,0.035062,0.061107,0.023342,0.038651,0.015639,0.826199
193,3.75879397,-4,0.035315,0.061582,0.02333,0.038285,0.01573,0.825758
194,3.798994975,-4,0.035577,0.062084,0.023314,0.037905,0.015827,0.825293
195,3.83919598,-4,0.035849,0.062613,0.023293,0.037513,0.01593,0.824803
196,3.879396985,-4,0.036129,0.06317,0.023267,0.037107,0.016038,0.824289
197,3.91959799,-4,0.036418,0.063758,0.023234,0.036686,0.016153,0.82375
198,3.959798995,-4,0.036717,0.064376,0.023195,0.03625,0.016275,0.823187
199,4,-4,0.037024,0.065028,0.023149,0.035798,0.016403,0.822599
200,-4,-3.959798995,0.202828,0.256614,0.04976,0.09711,0.170428,0.22326
201,-3.959798995,-3.959798995,0.203095,0.254786,0.05027,0.097917,0.169584,0.224348
202,-3.91959799,-3.959798995,0.203333,0.252976,0.050778,0.098722,0.168728,0.225463
203,-3.879396985,-3.959798995,0.203543,0.251181,0.051286,0.099524,0.167858,0.226607
204,-3.83919598,-3.959798995,0.203723,0.249404,0.051794,0.100324,0.166976,0.227779
205,-3.798994975,-3.959798995,0.203874,0.247643,0.052299,0.101121,0.16608,0.228982
206,-3.75879397,-3.959798995,0.203995,0.245899,0.052804,0.101915,0.165171,0.230216
207,-3.718592965,-3.959798995,0.204084,0.244171,0.053307,0.102706,0.164248,0.231483
208,-3.67839196,-3.959798995,0.204142,0.242459,0.053808,0.103493,0.163313,0.232784
209,-3.638190955,-3.959798995,0.204168,0.240764,0.054307,0.104277,0.162363,0.234121
210,-3.59798995,-3.959798995,0.204161,0.239085,0.054803,0.105056,0.1614,0.235494
211,-3.557788945,-3.959798995,0.204121,0.237422,0.055297,0.105831,0.160424,0.236905
212,-3.51758794,-3.959798995,0.204047,0.235775,0.055787,0.106601,0.159434,0.238356
213,-3.477386935,-3.959798995,0.203938,0.234144,0.056275,0.107366,0.158429,0.239848
214,-3.43718593,-3.959798995,0.203794,0.232529,0.056758,0.108125,0.157411,0.241383
215,-3.396984925,-3.959798995,0.203613,0.230929,0.057238,0.108879,0.156379,0.242962
216,-3.35678392,-3.959798995,0.203397,0.229345,0.057713,0.109626,0.155333,0.244587
217,-3.316582915,-3.959798995,0.203142,0.227776,0.058183,0.110367,0.154272,0.24626
218,-3.27638191,-3.959798995,0.20285,0.226222,0.058649,0.111101,0.153197,0.247982
219,-3.236180905,-3.959798995,0.202519,0.224683,0.059108,0.111827,0.152107,0.249756
220,-3.195979899,-3.959798995,0.202148,0.223158,0.059562,0.112545,0.151002,0.251584
221,-3.155778894,-3.959798995,0.201738,0.221648,0.060009,0.113255,0.149883,0.253467
222,-3.115577889,-3.959798995,0.201286,0.220152,0.06045,0.113956,0.148748,0.255407
223,-3.075376884,-3.959798995,0.200793,0.21867,0.060883,0.114648,0.147599,0.257408
224,-3.035175879,-3.959798995,0.200257,0.217202,0.061308,0.11533,0.146434,0.25947
225,-2.994974874,-3.959798995,0.199678,0.215747,0.061724,0.116,0.145253,0.261597
226,-2.954773869,-3.959798995,0.199055,0.214305,0.062132,0.11666,0.144057,0.263791
227,-2.914572864,-3.959798995,0.198387,0.212876,0.06253,0.117308,0.142845,0.266054
228,-2.874371859,-3.959798995,0.197674,0.211459,0.062918,0.117943,0.141617,0.268389
229,-2.834170854,-3.959798995,0.196914,0.210055,0.063296,0.118565,0.140372,0.270798
230,-2.793969849,-3.959798995,0.196107,0.208662,0.063662,0.119172,0.139112,0.273286
231,-2.753768844,-3.959798995,0.195252,0.20728,0.064016,0.119765,0.137834,0.275853
232,-2.713567839,-3.959798995,0.194348,0.205909,0.064357,0.120342,0.13654,0.278505
233,-2.673366834,-3.959798995,0.193395,0.204548,0.064684,0.120902,0.135228,0.281242
234,-2.633165829,-3.959798995,0.192391,0.203197,0.064998,0.121445,0.1339,0.28407
235,-2.592964824,-3.959798995,0.191335,0.201855,0.065296,0.121969,0.132553,0.286991
236,-2.552763819,-3.959798995,0.190228,0.200521,0.065579,0.122474,0.131189,0.290008
237,-2.512562814,-3.959798995,0.189068,0.199196,0.065845,0.122958,0.129807,0.293126
238,-2.472361809,-3.959798995,0.187853,0.197878,0.066094,0.123421,0.128407,0.296348
239,-2.432160804,-3.959798995,0.186584,0.196567,0.066324,0.12386,0.126988,0.299677
240,-2.391959799,-3.959798995,0.185557,0.194913,0.066594,0.124218,0.125581,0.303136
241,-2.351758794,-3.959798995,0.184828,0.192853,0.066916,0.124479,0.124191,0.306732
242,-2.311557789,-3.959798995,0.184015,0.19083,0.067214,0.124716,0.122778,0.310447
243,-2.271356784,-3.959798995,0.183117,0.188843,0.067487,0.124927,0.121342,0.314285
244,-2.231155779,-3.959798995,0.182134,0.186889,0.067733,0.125112,0.119882,0.31825
245,-2.190954774,-3.959798995,0.181065,0.184967,0.067952,0.125268,0.118399,0.322349
246,-2.150753769,-3.959798995,0.179909,0.183076,0.068142,0.125394,0.116893,0.326586
247,-2.110552764,-3.959798995,0.178666,0.181213,0.068302,0.12549,0.115364,0.330965
248,-2.070351759,-3.959798995,0.177335,0.179378,0.068431,0.125552,0.113811,0.335493
249,-2.030150754,-3.959798995,0.175915,0.177567,0.068528,0.125581,0.112234,0.340175
250,-1.989949749,-3.959798995,0.174407,0.17578,0.068591,0.125573,0.110634,0.345015
251,-1.949748744,-3.959798995,0.172809,0.174013,0.068619,0.125528,0.10901,0.350021
252,-1.909547739,-3.959798995,0.171121,0.172266,0.068611,0.125443,0.107363,0.355196
253,-1.869346734,-3.959798995,0.169343,0.170536,0.068565,0.125317,0.105691,0.360548
254,-1.829145729,-3.959798995,0.167474,0.168821,0.06848,0.125147,0.103996,0.366082
255,-1.788944724,-3.959798995,0.165516,0.167119,0.068355,0.124931,0.102277,0.371802
256,-1.748743719,-3.959798995,0.163466,0.165427,0.068188,0.124667,0.100534,0.377717
257,-1.708542714,-3.959798995,0.161327,0.163744,0.067978,0.124354,0.098767,0.38383
258,-1.668341709,-3.959798995,0.159097,0.162066,0.067724,0.123988,0.096977,0.390148
259,-1.628140704,-3.959798995,0.156778,0.160392,0.067424,0.123567,0.095163,0.396676
260,-1.587939698,-3.959798995,0.15437,0.158719,0.067077,0.123089,0.093325,0.40342
261,-1.547738693,-3.959798995,0.151873,0.157044,0.066682,0.122551,0.091464,0.410385
262,-1.507537688,-3.959798995,0.149289,0.155365,0.066237,0.121951,0.08958,0.417577
263,-1.467336683,-3.959798995,0.146618,0.153679,0.065742,0.121287,0.087673,0.425
264,-1.427135678,-3.959798995,0.143863,0.151983,0.065194,0.120555,0.085744,0.43266
265,-1.386934673,-3.959798995,0.141024,0.150275,0.064594,0.119754,0.083793,0.440559
266,-1.346733668,-3.959798995,0.138104,0.148551,0.06394,0.11888,0.081821,0.448703
267,-1.306532663,-3.959798995,0.135104,0.146809,0.063232,0.117932,0.079829,0.457095
268,-1.266331658,-3.959798995,0.132027,0.145045,0.062468,0.116907,0.077816,0.465737
269,-1.226130653,-3.959798995,0.128876,0.143257,0.061649,0.115802,0.075785,0.474631
270,-1.185929648,-3.959798995,0.125654,0.141441,0.060773,0.114616,0.073736,0.48378
271,-1.145728643,-3.959798995,0.122364,0.139596,0.059841,0.113346,0.07167,0.493183
272,-1.105527638,-3.959798995,0.11921,0.137717,0.058797,0.111892,0.069703,0.502681
273,-1.065326633,-3.959798995,0.116293,0.135806,0.057616,0.110208,0.067889,0.512188
274,-1.025125628,-3.959798995,0.113861,0.134004,0.056712,0.108869,0.066314,0.520239
275,-0.984924623,-3.959798995,0.112114,0.132382,0.05621,0.108046,0.06507,0.526179
276,-0.944723618,-3.959798995,0.110371,0.130773,0.055701,0.107214,0.06384,0.532101
277,-0.904522613,-3.959798995,0.108635,0.129177,0.055187,0.106371,0.062625,0.538005
278,-0.864321608,-3.959798995,0.106906,0.127594,0.054667,0.10552,0.061426,0.543887
279,-0.824120603,-3.959798995,0.105185,0.126025,0.054143,0.104659,0.060241,0.549747
280,-0.783919598,-3.959798995,0.102377,0.123896,0.053305,0.103441,0.058469,0.558512
281,-0.743718593,-3.959798995,0.099465,0.121705,0.052418,0.102155,0.056655,0.567602
282,-0.703517588,-3.959798995,0.09666,0.119565,0.051543,0.100871,0.054915,0.576445
283,-0.663316583,-3.959798995,0.093961,0.117476,0.050683,0.099591,0.053247,0.585042
284,-0.623115578,-3.959798995,0.091364,0.115437,0.049836,0.098317,0.051648,0.593398
285,-0.582914573,-3.959798995,0.088866,0.113449,0.049005,0.097051,0.050114,0.601514
286,-0.542713568,-3.959798995,0.086464,0.111511,0.04819,0.095796,0.048645,0.609394
287,-0.502512563,-3.959798995,0.084155,0.109622,0.047391,0.094553,0.047236,0.617043
288,-0.462311558,-3.959798995,0.081935,0.107783,0.046608,0.093324,0.045885,0.624465
289,-0.422110553,-3.959798995,0.079802,0.105993,0.045843,0.092109,0.04459,0.631663
290,-0.381909548,-3.959798995,0.077752,0.10425,0.045095,0.09091,0.043349,0.638643
291,-0.341708543,-3.959798995,0.075782,0.102555,0.044365,0.089729,0.042159,0.64541
292,-0.301507538,-3.959798995,0.07389,0.100906,0.043652,0.088565,0.041018,0.651969
293,-0.261306533,-3.959798995,0.072073,0.099303,0.042957,0.08742,0.039925,0.658323
294,-0.221105528,-3.959798995,0.070327,0.097745,0.042279,0.086293,0.038876,0.66448
295,-0.180904523,-3.959798995,0.06865,0.09623,0.041618,0.085187,0.03787,0.670443
296,-0.140703518,-3.959798995,0.06704,0.094759,0.040975,0.084101,0.036906,0.676219
297,-0.100502513,-3.959798995,0.065493,0.09333,0.04035,0.083035,0.035981,0.681811
298,-0.060301508,-3.959798995,0.064008,0.091943,0.039741,0.08199,0.035093,0.687225
299,-0.020100503,-3.959798995,0.062581,0.090595,0.039149,0.080965,0.034242,0.692467
300,0.020100503,-3.959798995,0.061211,0.089287,0.038574,0.079962,0.033425,0.697541
301,0.060301508,-3.959798995,0.059896,0.088018,0.038015,0.078979,0.032641,0.702452
302,0.100502513,-3.959798995,0.058632,0.086786,0.037472,0.078017,0.031888,0.707205
303,0.140703518,-3.959798995,0.057418,0.08559,0.036944,0.077076,0.031166,0.711805
304,0.180904523,-3.959798995,0.056253,0.08443,0.036433,0.076156,0.030473,0.716256
305,0.221105528,-3.959798995,0.055133,0.083305,0.035936,0.075256,0.029807,0.720563
306,0.261306533,-3.959798995,0.054058,0.082214,0.035455,0.074376,0.029168,0.72473
307,0.301507538,-3.959798995,0.053026,0.081156,0.034987,0.073516,0.028553,0.728761
308,0.341708543,-3.959798995,0.052034,0.08013,0.034534,0.072677,0.027964,0.732662
309,0.381909548,-3.959798995,0.051081,0.079135,0.034096,0.071856,0.027397,0.736435
310,0.422110553,-3.959798995,0.050166,0.078171,0.03367,0.071055,0.026852,0.740085
311,0.462311558,-3.959798995,0.049287,0.077236,0.033258,0.070273,0.026329,0.743616
312,0.502512563,-3.959798995,0.048443,0.076331,0.032859,0.06951,0.025826,0.747031
313,0.542713568,-3.959798995,0.047633,0.075453,0.032472,0.068765,0.025342,0.750334
314,0.582914573,-3.959798995,0.046854,0.074603,0.032098,0.068038,0.024877,0.753529
315,0.623115578,-3.959798995,0.046107,0.073779,0.031736,0.067329,0.024431,0.756619
316,0.663316583,-3.959798995,0.045389,0.072982,0.031386,0.066636,0.024001,0.759606
317,0.703517588,-3.959798995,0.044699,0.072209,0.031047,0.065961,0.023588,0.762495
318,0.743718593,-3.959798995,0.044038,0.071461,0.030719,0.065303,0.02319,0.765289
319,0.783919598,-3.959798995,0.043402,0.070738,0.030403,0.06466,0.022808,0.76799
320,0.824120603,-3.959798995,0.042792,0.070037,0.030096,0.064034,0.02244,0.7706
321,0.864321608,-3.959798995,0.042207,0.069359,0.029801,0.063422,0.022086,0.773124
322,0.904522613,-3.959798995,0.041645,0.068704,0.029515,0.062826,0.021746,0.775563
323,0.944723618,-3.959798995,0.041106,0.06807,0.029239,0.062245,0.021419,0.777921
324,0.984924623,-3.959798995,0.04059,0.067457,0.028973,0.061678,0.021104,0.780199
325,1.025125628,-3.959798995,0.040094,0.066865,0.028715,0.061125,0.020801,0.782399
326,1.065326633,-3.959798995,0.039619,0.066293,0.028468,0.060586,0.02051,0.784525
327,1.105527638,-3.959798995,0.039164,0.06574,0.028228,0.060061,0.02023,0.786578
328,1.145728643,-3.959798995,0.038728,0.065206,0.027998,0.059548,0.01996,0.78856
329,1.185929648,-3.959798995,0.03831,0.064692,0.027776,0.059048,0.019701,0.790474
330,1.226130653,-3.959798995,0.03791,0.064195,0.027562,0.05856,0.019451,0.792321
331,1.266331658,-3.959798995,0.037528,0.063717,0.027357,0.058084,0.019212,0.794104
332,1.306532663,-3.959798995,0.037162,0.063255,0.027159,0.05762,0.018981,0.795823
333,1.346733668,-3.959798995,0.036813,0.062811,0.026968,0.057167,0.018759,0.797481
334,1.386934673,-3.959798995,0.03648,0.062384,0.026785,0.056725,0.018547,0.799079
335,1.427135678,-3.959798995,0.036161,0.061973,0.02661,0.056294,0.018342,0.80062
336,1.467336683,-3.959798995,0.035858,0.061579,0.026441,0.055873,0.018145,0.802104
337,1.507537688,-3.959798995,0.035569,0.0612,0.02628,0.055462,0.017957,0.803533
338,1.547738693,-3.959798995,0.035294,0.060836,0.026125,0.055061,0.017776,0.804908
339,1.587939698,-3.959798995,0.035033,0.060488,0.025977,0.054669,0.017602,0.806231
340,1.628140704,-3.959798995,0.034786,0.060155,0.025835,0.054287,0.017435,0.807503
341,1.668341709,-3.959798995,0.034551,0.059837,0.025699,0.053913,0.017276,0.808725
342,1.708542714,-3.959798995,0.034329,0.059533,0.02557,0.053548,0.017123,0.809898
343,1.748743719,-3.959798995,0.034119,0.059244,0.025446,0.053191,0.016976,0.811024
344,1.788944724,-3.959798995,0.033921,0.058968,0.025329,0.052842,0.016836,0.812104
345,1.829145729,-3.959798995,0.033735,0.058707,0.025217,0.0525,0.016702,0.813139
346,1.869346734,-3.959798995,0.033561,0.058459,0.025111,0.052166,0.016574,0.814129
347,1.909547739,-3.959798995,0.033398,0.058225,0.02501,0.051839,0.016452,0.815076
348,1.949748744,-3.959798995,0.033246,0.058005,0.024915,0.051519,0.016336,0.815981
349,1.989949749,-3.959798995,0.033104,0.057798,0.024824,0.051205,0.016225,0.816844
350,2.030150754,-3.959798995,0.032974,0.057604,0.024739,0.050897,0.016119,0.817666
351,2.070351759,-3.959798995,0.032854,0.057423,0.024659,0.050596,0.01602,0.818449
352,2.110552764,-3.959798995,0.032744,0.057255,0.024584,0.0503,0.015925,0.819192
353,2.150753769,-3.959798995,0.032644,0.057101,0.024513,0.050009,0.015835,0.819898
354,2.190954774,-3.959798995,0.032555,0.056959,0.024447,0.049723,0.015751,0.820566
355,2.231155779,-3.959798995,0.032475,0.05683,0.024385,0.049442,0.015671,0.821196
356,2.271356784,-3.959798995,0.032405,0.056714,0.024328,0.049166,0.015596,0.821791
357,2.311557789,-3.959798995,0.032344,0.056611,0.024275,0.048893,0.015526,0.82235
358,2.351758794,-3.959798995,0.032293,0.056521,0.024227,0.048625,0.015461,0.822874
359,2.391959799,-3.959798995,0.032252,0.056443,0.024182,0.04836,0.0154,0.823364
360,2.432160804,-3.959798995,0.032219,0.056379,0.024141,0.048098,0.015344,0.823819
361,2.472361809,-3.959798995,0.032196,0.056327,0.024104,0.047839,0.015292,0.824242
362,2.512562814,-3.959798995,0.032182,0.056288,0.024071,0.047582,0.015245,0.824631
363,2.552763819,-3.959798995,0.032177,0.056263,0.024041,0.047328,0.015203,0.824988
364,2.592964824,-3.959798995,0.032181,0.05625,0.024015,0.047076,0.015164,0.825314
365,2.633165829,-3.959798995,0.032195,0.056251,0.023992,0.046825,0.01513,0.825607
366,2.673366834,-3.959798995,0.032217,0.056265,0.023972,0.046576,0.015101,0.82587
367,2.713567839,-3.959798995,0.032248,0.056293,0.023955,0.046327,0.015075,0.826103
368,2.753768844,-3.959798995,0.032287,0.056334,0.023941,0.046079,0.015054,0.826305
369,2.793969849,-3.959798995,0.032336,0.056389,0.023929,0.045831,0.015038,0.826477
370,2.834170854,-3.959798995,0.032394,0.056459,0.023921,0.045582,0.015025,0.826619
371,2.874371859,-3.959798995,0.03246,0.056542,0.023914,0.045333,0.015017,0.826733
372,2.914572864,-3.959798995,0.032536,0.05664,0.02391,0.045083,0.015013,0.826818
373,2.954773869,-3.959798995,0.03262,0.056753,0.023909,0.044832,0.015014,0.826874
374,2.994974874,-3.959798995,0.032713,0.056881,0.023908,0.044578,0.015018,0.826902
375,3.035175879,-3.959798995,0.032815,0.057024,0.02391,0.044322,0.015027,0.826902
376,3.075376884,-3.959798995,0.032925,0.057183,0.023913,0.044064,0.015041,0.826874
377,3.115577889,-3.959798995,0.033045,0.057357,0.023918,0.043801,0.015059,0.82682
378,3.155778894,-3.959798995,0.033174,0.057549,0.023923,0.043536,0.015081,0.826738
379,3.195979899,-3.959798995,0.033312,0.057757,0.023929,0.043266,0.015108,0.826629
380,3.236180905,-3.959798995,0.033458,0.057982,0.023936,0.042991,0.015139,0.826494
381,3.27638191,-3.959798995,0.033614,0.058225,0.023943,0.042711,0.015175,0.826332
382,3.316582915,-3.959798995,0.033779,0.058487,0.023951,0.042424,0.015215,0.826144
383,3.35678392,-3.959798995,0.033953,0.058767,0.023957,0.042132,0.015261,0.82593
384,3.396984925,-3.959798995,0.034137,0.059066,0.023964,0.041832,0.015311,0.82569
385,3.43718593,-3.959798995,0.034329,0.059386,0.023969,0.041525,0.015365,0.825425
386,3.477386935,-3.959798995,0.034531,0.059726,0.023973,0.04121,0.015425,0.825135
387,3.51758794,-3.959798995,0.034742,0.060088,0.023975,0.040886,0.01549,0.824819
388,3.557788945,-3.959798995,0.034962,0.060472,0.023976,0.040552,0.01556,0.824478
389,3.59798995,-3.959798995,0.035192,0.060879,0.023973,0.040208,0.015636,0.824112
390,3.638190955,-3.959798995,0.035431,0.061309,0.023968,0.039854,0.015717,0.823721
391,3.67839196,-3.959798995,0.03568,0.061765,0.023959,0.039488,0.015803,0.823305
392,3.718592965,-3.959798995,0.035938,0.062246,0.023947,0.039109,0.015895,0.822865
393,3.75879397,-3.959798995,0.036205,0.062755,0.023929,0.038718,0.015993,0.822399
394,3.798994975,-3.959798995,0.036482,0.063291,0.023907,0.038313,0.016097,0.821909
395,3.83919598,-3.959798995,0.036768,0.063856,0.023879,0.037894,0.016207,0.821395
396,3.879396985,-3.959798995,0.037064,0.064452,0.023845,0.03746,0.016324,0.820855
397,3.91959799,-3.959798995,0.037368,0.06508,0.023804,0.03701,0.016447,0.82029
398,3.959798995,-3.959798995,0.037682,0.065742,0.023755,0.036544,0.016576,0.819701
399,4,-3.959798995,0.038005,0.066438,0.023698,0.036061,0.016713,0.819085
400,-4,-3.91959799,0.203267,0.256442,0.050568,0.098854,0.16966,0.221209
401,-3.959798995,-3.91959799,0.203529,0.254618,0.051082,0.099666,0.16882,0.222286
402,-3.91959799,-3.91959799,0.203762,0.25281,0.051595,0.100476,0.167967,0.223389
403,-3.879396985,-3.91959799,0.203968,0.25102,0.052107,0.101284,0.167101,0.224521
404,-3.83919598,-3.91959799,0.204144,0.249246,0.052618,0.102089,0.166222,0.225681
405,-3.798994975,-3.91959799,0.20429,0.247489,0.053128,0.102891,0.16533,0.226872
406,-3.75879397,-3.91959799,0.204406,0.245748,0.053637,0.103689,0.164425,0.228094
407,-3.718592965,-3.91959799,0.204491,0.244025,0.054143,0.104485,0.163507,0.229349
408,-3.67839196,-3.91959799,0.204545,0.242317,0.054648,0.105277,0.162575,0.230637
409,-3.638190955,-3.91959799,0.204567,0.240626,0.055151,0.106064,0.161631,0.231961
410,-3.59798995,-3.91959799,0.204556,0.238951,0.055651,0.106848,0.160672,0.233321
411,-3.557788945,-3.91959799,0.204512,0.237293,0.056148,0.107627,0.159701,0.234719
412,-3.51758794,-3.91959799,0.204434,0.23565,0.056643,0.108401,0.158715,0.236157
413,-3.477386935,-3.91959799,0.204321,0.234024,0.057133,0.10917,0.157716,0.237635
414,-3.43718593,-3.91959799,0.204174,0.232413,0.05762,0.109933,0.156703,0.239156
415,-3.396984925,-3.91959799,0.20399,0.230818,0.058103,0.110691,0.155677,0.240721
416,-3.35678392,-3.91959799,0.20377,0.229238,0.058582,0.111442,0.154636,0.242332
417,-3.316582915,-3.91959799,0.203512,0.227674,0.059056,0.112186,0.153581,0.243991
418,-3.27638191,-3.91959799,0.203217,0.226125,0.059524,0.112924,0.152512,0.245698
419,-3.236180905,-3.91959799,0.202883,0.224591,0.059987,0.113653,0.151428,0.247457
420,-3.195979899,-3.91959799,0.20251,0.223072,0.060444,0.114375,0.15033,0.24927
421,-3.155778894,-3.91959799,0.202097,0.221567,0.060894,0.115088,0.149217,0.251137
422,-3.115577889,-3.91959799,0.201643,0.220077,0.061337,0.115792,0.148089,0.253062
423,-3.075376884,-3.91959799,0.201147,0.218601,0.061773,0.116487,0.146946,0.255046
424,-3.035175879,-3.91959799,0.200609,0.217138,0.062201,0.117171,0.145789,0.257092
425,-2.994974874,-3.91959799,0.200028,0.215689,0.06262,0.117845,0.144615,0.259202
426,-2.954773869,-3.91959799,0.199403,0.214253,0.063031,0.118507,0.143426,0.261379
427,-2.914572864,-3.91959799,0.198734,0.212831,0.063431,0.119157,0.142222,0.263625
428,-2.874371859,-3.91959799,0.198019,0.21142,0.063822,0.119795,0.141002,0.265942
429,-2.834170854,-3.91959799,0.197258,0.210022,0.064201,0.120419,0.139765,0.268334
430,-2.793969849,-3.91959799,0.19645,0.208636,0.06457,0.121029,0.138513,0.270803
431,-2.753768844,-3.91959799,0.195595,0.207261,0.064926,0.121623,0.137244,0.273352
432,-2.713567839,-3.91959799,0.19469,0.205897,0.065269,0.122202,0.135958,0.275984
433,-2.673366834,-3.91959799,0.193737,0.204543,0.065598,0.122764,0.134655,0.278703
434,-2.633165829,-3.91959799,0.192732,0.203199,0.065914,0.123309,0.133335,0.281511
435,-2.592964824,-3.91959799,0.191677,0.201865,0.066214,0.123835,0.131998,0.284412
436,-2.552763819,-3.91959799,0.19057,0.200539,0.066498,0.124341,0.130643,0.287409
437,-2.512562814,-3.91959799,0.18941,0.199222,0.066765,0.124826,0.129271,0.290506
438,-2.472361809,-3.91959799,0.188197,0.197912,0.067015,0.12529,0.12788,0.293707
439,-2.432160804,-3.91959799,0.186929,0.196609,0.067247,0.12573,0.126471,0.297015
440,-2.391959799,-3.91959799,0.185605,0.195312,0.067458,0.126146,0.125044,0.300434
441,-2.351758794,-3.91959799,0.184573,0.193615,0.067721,0.126468,0.123634,0.30399
442,-2.311557789,-3.91959799,0.183782,0.191575,0.068024,0.126701,0.122234,0.307684
443,-2.271356784,-3.91959799,0.182907,0.189571,0.068303,0.126908,0.120811,0.3115
444,-2.231155779,-3.91959799,0.181947,0.187602,0.068554,0.127088,0.119365,0.315444
445,-2.190954774,-3.91959799,0.180901,0.185665,0.068778,0.12724,0.117895,0.319521
446,-2.150753769,-3.91959799,0.179768,0.18376,0.068973,0.127361,0.116403,0.323734
447,-2.110552764,-3.91959799,0.178548,0.181884,0.069138,0.127452,0.114887,0.328091
448,-2.070351759,-3.91959799,0.17724,0.180036,0.069271,0.12751,0.113348,0.332595
449,-2.030150754,-3.91959799,0.175843,0.178214,0.069372,0.127533,0.111785,0.337253
450,-1.989949749,-3.91959799,0.174358,0.176415,0.069439,0.12752,0.110199,0.342069
451,-1.949748744,-3.91959799,0.172782,0.174639,0.06947,0.127469,0.10859,0.34705
452,-1.909547739,-3.91959799,0.171117,0.172882,0.069465,0.127378,0.106956,0.352201
453,-1.869346734,-3.91959799,0.169362,0.171143,0.069423,0.127245,0.1053,0.357528
454,-1.829145729,-3.91959799,0.167516,0.16942,0.069341,0.127069,0.103619,0.363036
455,-1.788944724,-3.91959799,0.16558,0.16771,0.069218,0.126846,0.101914,0.368731
456,-1.748743719,-3.91959799,0.163553,0.166012,0.069053,0.126576,0.100186,0.37462
457,-1.708542714,-3.91959799,0.161435,0.164322,0.068845,0.126255,0.098434,0.380708
458,-1.668341709,-3.91959799,0.159228,0.162639,0.068593,0.125881,0.096659,0.387
459,-1.628140704,-3.91959799,0.15693,0.160961,0.068294,0.125452,0.09486,0.393503
460,-1.587939698,-3.91959799,0.154543,0.159284,0.067948,0.124966,0.093037,0.400222
461,-1.547738693,-3.91959799,0.152068,0.157605,0.067553,0.12442,0.091191,0.407163
462,-1.507537688,-3.91959799,0.149504,0.155924,0.067108,0.123811,0.089322,0.41433
463,-1.467336683,-3.91959799,0.146854,0.154235,0.066612,0.123137,0.087431,0.42173
464,-1.427135678,-3.91959799,0.144119,0.152538,0.066064,0.122396,0.085517,0.429366
465,-1.386934673,-3.91959799,0.141299,0.150829,0.065462,0.121585,0.083581,0.437244
466,-1.346733668,-3.91959799,0.138398,0.149105,0.064806,0.1207,0.081625,0.445366
467,-1.306532663,-3.91959799,0.135417,0.147363,0.064095,0.119741,0.079647,0.453737
468,-1.266331658,-3.91959799,0.132358,0.1456,0.063328,0.118704,0.07765,0.46236
469,-1.226130653,-3.91959799,0.129224,0.143813,0.062505,0.117587,0.075634,0.471237
470,-1.185929648,-3.91959799,0.126018,0.142,0.061625,0.116388,0.0736,0.48037
471,-1.145728643,-3.91959799,0.122744,0.140157,0.060688,0.115104,0.071549,0.489759
472,-1.105527638,-3.91959799,0.11958,0.138281,0.059645,0.113647,0.069581,0.499266
473,-1.065326633,-3.91959799,0.116678,0.136373,0.058456,0.111944,0.067782,0.508767
474,-1.025125628,-3.91959799,0.114283,0.134578,0.057561,0.110608,0.066229,0.516741
475,-0.984924623,-3.91959799,0.112548,0.132953,0.057057,0.109775,0.064993,0.522674
476,-0.944723618,-3.91959799,0.110817,0.131342,0.056547,0.108931,0.063773,0.528589
477,-0.904522613,-3.91959799,0.109093,0.129744,0.056031,0.108078,0.062567,0.534487
478,-0.864321608,-3.91959799,0.107375,0.12816,0.05551,0.107216,0.061375,0.540364
479,-0.824120603,-3.91959799,0.105664,0.126589,0.054984,0.106345,0.060199,0.54622
480,-0.783919598,-3.91959799,0.103038,0.124549,0.05419,0.105168,0.058532,0.554522
481,-0.743718593,-3.91959799,0.100122,0.122353,0.053295,0.103866,0.056721,0.563643
482,-0.703517588,-3.91959799,0.097314,0.120207,0.052413,0.102564,0.054984,0.572518
483,-0.663316583,-3.91959799,0.09461,0.118112,0.051544,0.101267,0.053319,0.581149
484,-0.623115578,-3.91959799,0.092009,0.116067,0.050689,0.099975,0.051722,0.589538
485,-0.582914573,-3.91959799,0.089506,0.114073,0.049849,0.098692,0.05019,0.597689
486,-0.542713568,-3.91959799,0.087098,0.112129,0.049025,0.09742,0.048722,0.605605
487,-0.502512563,-3.91959799,0.084783,0.110235,0.048218,0.096159,0.047315,0.61329
488,-0.462311558,-3.91959799,0.082558,0.10839,0.047427,0.094912,0.045966,0.620748
489,-0.422110553,-3.91959799,0.080418,0.106594,0.046653,0.09368,0.044672,0.627983
490,-0.381909548,-3.91959799,0.078363,0.104845,0.045897,0.092463,0.043432,0.635
491,-0.341708543,-3.91959799,0.076387,0.103144,0.045158,0.091264,0.042243,0.641803
492,-0.301507538,-3.91959799,0.074489,0.10149,0.044437,0.090083,0.041103,0.648397
493,-0.261306533,-3.91959799,0.072666,0.099882,0.043734,0.088921,0.04001,0.654788
494,-0.221105528,-3.91959799,0.070914,0.098318,0.043048,0.087778,0.038962,0.66098
495,-0.180904523,-3.91959799,0.069231,0.096799,0.04238,0.086655,0.037956,0.666979
496,-0.140703518,-3.91959799,0.067615,0.095322,0.041729,0.085552,0.036992,0.672789
497,-0.100502513,-3.91959799,0.066063,0.093888,0.041096,0.08447,0.036067,0.678415
498,-0.060301508,-3.91959799,0.064572,0.092496,0.04048,0.083409,0.03518,0.683863
499,-0.020100503,-3.91959799,0.06314,0.091144,0.039881,0.082369,0.034329,0.689137
500,0.020100503,-3.91959799,0.061765,0.089831,0.039298,0.08135,0.033512,0.694243
501,0.060301508,-3.91959799,0.060444,0.088557,0.038732,0.080352,0.032728,0.699186
502,0.100502513,-3.91959799,0.059176,0.087321,0.038183,0.079375,0.031976,0.703969
